metric=post_mean_c_level
phase_mode=dissonance_then_consonance
phase_switch_step=4
rank,seed,metric
0,202374880,0.7805893
1,3735928559,0.7817836
2,252645135,0.7826073
3,1437226410,0.7858508
4,2654435769,0.78691393
5,2271560481,0.787059
6,826366246,0.787703
7,4207869677,0.78881544
8,655894552,0.79231095
9,3134984190,0.7949032
10,305441741,0.7961214
11,464367618,0.8056516
12,610839776,0.8063168
13,324508639,0.8083501
14,2779096485,0.8146929
15,2882400001,0.8152211
16,270544960,0.816386
17,1432778632,0.8175638
18,3405691582,0.8226485
19,12648430,0.8287267
representative_seed=12648430
representative_rank=19
representative_metric=0.8287267
representative_burnin_end=0.8441314
